GTAC: 0.004497
CGAG: 0.003199
GTAA: 0.003206
CGAA: 0.003595
AAAT: 0.003524
CGAC: 0.004147
GTAT: 0.003076
AGTG: 0.003307
AGTA: 0.003351
AGTC: 0.003878
AAAA: 0.003561
CGAT: 0.003732
AAAC: 0.004621
AAAG: 0.002832
GGTT: 0.002978
AGTT: 0.003330
GTAG: 0.002446
GCAC: 0.003905
CCGT: 0.004456
GAAT: 0.002846
TTAG: 0.002962
GGAC: 0.003644
TTAC: 0.004913
TTAA: 0.003709
TATT: 0.003396
GAAC: 0.003998
GAAA: 0.002979
GAAG: 0.001933
GAGA: 0.002602
TTAT: 0.003342
GCTG: 0.003634
GCTC: 0.004372
GCTA: 0.003615
ATAA: 0.003524
ATAC: 0.004522
CCAT: 0.004089
ATAG: 0.002877
GCTT: 0.003617
CCAA: 0.004668
CCAC: 0.005329
ATAT: 0.003465
TTGC: 0.004860
CCAG: 0.003542
TAAG: 0.002736
TAAC: 0.004736
TAAA: 0.003427
TGTC: 0.004737
TGTA: 0.003588
TCTT: 0.004067
ACTT: 0.003856
TAAT: 0.003318
TCTG: 0.003904
ACTA: 0.003899
ACTC: 0.004506
TCTC: 0.004830
TATG: 0.003661
TCTA: 0.003937
ACTG: 0.004155
AAGG: 0.002785
CTAG: 0.003227
CGGA: 0.003203
AAGC: 0.004001
ACGT: 0.003859
AAGA: 0.003126
ATGC: 0.004652
CTCT: 0.004756
GTGC: 0.004276
GTGG: 0.002720
ACGA: 0.003637
ACGC: 0.003813
AAGT: 0.003294
ACGG: 0.002895
CGGT: 0.003229
GGCC: 0.004570
GGCA: 0.003175
GTGT: 0.003294
TTCT: 0.004024
AGGG: 0.002486
AGGA: 0.002761
AGGC: 0.002440
TCAA: 0.003764
GATT: 0.003271
TCAC: 0.004926
GACT: 0.003782
AGGT: 0.002937
TTCG: 0.004240
CTGG: 0.003728
TTCA: 0.004442
TTCC: 0.005699
CTCA: 0.005082
GACA: 0.003967
GACC: 0.005571
GATG: 0.003300
GATA: 0.003249
GACG: 0.003617
CTGA: 0.003921
TAGT: 0.003228
GGAA: 0.002793
ATCT: 0.004072
GCCC: 0.005995
GCCA: 0.004647
CCGG: 0.003691
GCGG: 0.003003
TCAG: 0.003033
CCGC: 0.004609
CAGT: 0.003277
CCTT: 0.005043
ATCG: 0.004022
TAGG: 0.002899
ATCC: 0.005737
ATCA: 0.004260
CAGA: 0.003056
CCTC: 0.005025
CAGC: 0.003687
CCTA: 0.004816
GGCT: 0.003268
CCTG: 0.005087
CAGG: 0.002963
TGGG: 0.002830
CTCC: 0.006010
TGGC: 0.003114
TGGA: 0.003210
TCGC: 0.004429
TCGA: 0.003876
CACG: 0.004552
TGGT: 0.003373
GCCT: 0.004133
GTGA: 0.003203
CCCG: 0.005509
CTCG: 0.004312
GATC: 0.004131
TCGT: 0.004196
TAGA: 0.002833
ACAG: 0.003240
CGGC: 0.001836
ACAC: 0.004794
ATGT: 0.004097
ACAA: 0.003906
TAGC: 0.004149
ACAT: 0.003766
CGGG: 0.002871
CTAC: 0.004739
AGAC: 0.003812
AGAA: 0.002893
ATTT: 0.003834
AGAG: 0.002503
GGAG: 0.002108
CTAA: 0.004210
GGGT: 0.002688
ATTG: 0.003787
ATTC: 0.004497
GGAT: 0.002773
ATTA: 0.003689
AGAT: 0.003097
GCGT: 0.003747
ACCG: 0.004959
TGAT: 0.003729
TTTA: 0.003910
TTTC: 0.004837
TTTG: 0.003921
CAAG: 0.003204
AACG: 0.004241
GCAG: 0.002612
CAAC: 0.004420
CAAA: 0.003766
TGAG: 0.002934
TTTT: 0.003841
CTTC: 0.004589
TGAC: 0.005582
GCAT: 0.002729
CAAT: 0.003824
GCCG: 0.004032
CTGT: 0.004464
TGTG: 0.003395
TCAT: 0.003532
AATT: 0.003649
CGTT: 0.004279
TATA: 0.003434
CTAT: 0.003947
TATC: 0.004249
AATC: 0.004472
AATA: 0.003761
AATG: 0.003724
TGAA: 0.003471
CTGC: 0.004553
CGTG: 0.003869
CGTC: 0.004001
CTTG: 0.004401
CGTA: 0.004213
GTTA: 0.003440
GTTC: 0.004223
GTCG: 0.003381
GTCA: 0.003971
GTTG: 0.003338
GTCC: 0.005600
AACC: 0.006134
AACA: 0.004558
ACCA: 0.005423
ACCC: 0.006626
TCGG: 0.003268
GTCT: 0.003921
GGGC: 0.002457
GTTT: 0.003461
GGGA: 0.002534
CTTT: 0.004320
ACCT: 0.005173
TGTT: 0.003866
AACT: 0.004266
GAGT: 0.003017
GGTA: 0.002981
GGTG: 0.002867
AGCA: 0.003786
GGCG: 0.003048
AGCC: 0.004808
TTGT: 0.004024
AGCG: 0.003485
GAGG: 0.002504
CCGA: 0.004210
GAGC: 0.003458
TTGA: 0.003845
CTTA: 0.004395
AGCT: 0.003787
TTGG: 0.003440
GGTC: 0.003669
CACT: 0.004434
ATGA: 0.003804
ATGG: 0.003465
TGCT: 0.004596
CCCT: 0.005696
GCGC: 0.003662
GCAA: 0.003160
GCGA: 0.003282
TACT: 0.004059
CCCC: 0.007366
TGCC: 0.006189
CCCA: 0.006254
TGCA: 0.004558
CACA: 0.004510
TGCG: 0.003917
CACC: 0.005587
TACA: 0.004399
TACC: 0.005539
TACG: 0.004195
CATA: 0.003900
CATC: 0.004353
GGGG: 0.002187
CATG: 0.004089
TCCT: 0.005083
CGCT: 0.004310
CATT: 0.003962
CGCG: 0.003854
TCCG: 0.005064
CGCC: 0.004682
TCCC: 0.006579
CGCA: 0.004016
TCCA: 0.005303
